Bandpass Filter Weights 32: 15e3 to 30e3: 100e3 Sampling

   -0.0024
   -0.0019
    0.0009
   -0.0011
    0.0021
    0.0144
   -0.0000
   -0.0279
   -0.0078
    0.0080
   -0.0137
    0.0504
    0.1055
   -0.0874
   -0.2354
    0.0446
    0.2988
    0.0446
   -0.2354
   -0.0874
    0.1055
    0.0504
   -0.0137
    0.0080
   -0.0078
   -0.0279
   -0.0000
    0.0144
    0.0021
   -0.0011
    0.0009
   -0.0019
   -0.0024


Bandpass Filter Weights 16: 15e3 to 30e3: 100e3 sampling

-0.0013
    0.0016
   -0.0045
    0.0252
    0.0719
   -0.0741
   -0.2304
    0.0474
    0.3261
    0.0474
   -0.2304
   -0.0741
    0.0719
    0.0252
   -0.0045
    0.0016
   -0.0013