Gaussian 32: Scaling Factor: 45.5581

    2.0000
    2.9546
    4.2528
    5.9641
    8.1493
   10.8492
   14.0727
   17.7853
   21.9000
   26.2743
   30.7127
   34.9791
   38.8150
   41.9657
   44.2069
   45.3720
   45.3720
   44.2069
   41.9657
   38.8150
   34.9791
   30.7127
   26.2743
   21.9000
   17.7853
   14.0727
   10.8492
    8.1493
    5.9641
    4.2528
    2.9546
    2.0000

Gaussian 16: scaling factor: 22.75

lol =

    1.0000
    2.1766
    4.2395
    7.3891
   11.5241
   16.0832
   20.0855
   22.4460
   22.4460
   20.0855
   16.0832
   11.5241
    7.3891
    4.2395
    2.1766
    1.0000




Gaussian 16: scaling factor: 22.75

	1.0000
    4.6210
   12.8202
   21.3537
   21.3537
   12.8202
    4.6210
    1.0000
